<?xml version="1.0" standalone="no"?>
<!DOCTYPE svg PUBLIC "-//W3C//DTD SVG 20010904//EN"
 "http://www.w3.org/TR/2001/REC-SVG-20010904/DTD/svg10.dtd">
<svg version="1.0" xmlns="http://www.w3.org/2000/svg"
 width="512.000000pt" height="512.000000pt" viewBox="0 0 512.000000 512.000000"
 preserveAspectRatio="xMidYMid meet">
<metadata>
Created by potrace 1.16, written by Peter Selinger 2001-2019
</metadata>
<g transform="translate(0.000000,512.000000) scale(0.100000,-0.100000)"
fill="#000000" stroke="none">
<path d="M50 5092 c0 -16 -11 -51 -25 -78 -40 -78 -30 -124 14 -68 18 23 61
139 61 165 0 5 -11 9 -25 9 -21 0 -25 -5 -25 -28z"/>
<path d="M151 5068 c-5 -29 -13 -79 -16 -110 -8 -71 -37 -116 -93 -143 -31
-15 -42 -26 -42 -42 0 -20 4 -22 33 -17 55 11 122 60 138 103 6 14 14 68 19
120 6 53 13 106 16 119 5 19 2 22 -19 22 -23 0 -27 -6 -36 -52z"/>
<path d="M271 5089 c-32 -94 -20 -177 41 -271 41 -65 49 -45 17 49 -18 56 -21
80 -16 160 5 85 4 93 -13 93 -11 0 -22 -12 -29 -31z"/>
<path d="M364 5074 c-11 -73 1 -164 30 -224 45 -97 30 -159 -52 -207 -44 -26
-54 -28 -146 -26 -108 3 -119 -9 -27 -27 110 -21 205 -2 267 52 75 66 81 118
27 245 -31 76 -36 98 -35 161 l1 72 -29 0 c-27 0 -29 -4 -36 -46z"/>
<path d="M490 5060 c0 -46 9 -83 36 -153 70 -177 53 -274 -56 -330 -59 -30
-46 -30 -254 -11 -59 5 -79 2 -142 -21 -57 -21 -74 -32 -74 -46 0 -23 -6 -23
64 2 53 18 73 19 215 13 l156 -6 64 33 c133 71 157 160 102 374 -17 66 -31
132 -31 146 0 47 -10 59 -46 59 l-34 0 0 -60z"/>
<path d="M630 5110 c0 -5 14 -44 31 -87 81 -199 79 -351 -6 -450 -47 -55 -105
-80 -228 -99 -142 -21 -152 -23 -140 -35 16 -16 230 6 296 31 109 41 172 151
184 322 5 70 2 89 -33 203 l-39 125 -32 0 c-18 0 -33 -4 -33 -10z"/>
<path d="M750 5110 c0 -6 16 -55 37 -108 60 -161 65 -181 73 -332 l8 -145 56
-134 c31 -73 76 -162 101 -197 24 -35 67 -110 94 -167 47 -95 117 -195 128
-183 3 3 -15 40 -40 83 -25 43 -67 132 -94 198 l-48 120 0 148 c1 133 -1 147
-16 142 -29 -9 -44 49 -42 153 3 110 -9 173 -43 224 -13 21 -35 75 -48 120
-22 76 -26 83 -51 86 -24 3 -26 1 -20 -20 4 -13 22 -70 40 -128 63 -199 97
-357 102 -480 5 -108 4 -114 -11 -93 -33 45 -48 109 -55 238 -7 110 -13 144
-40 220 -18 50 -47 129 -64 178 -23 66 -35 87 -49 87 -10 0 -18 -5 -18 -10z"/>
<path d="M935 5054 c13 -71 23 -88 51 -82 21 4 21 14 -2 96 -13 43 -19 52 -38
52 -23 0 -24 0 -11 -66z"/>
<path d="M1030 5098 c0 -12 9 -56 21 -97 29 -101 24 -239 -9 -295 -25 -42 -23
-57 4 -35 25 20 53 88 55 129 1 29 2 31 7 12 12 -39 27 -29 30 19 3 45 -13
128 -44 236 -13 45 -19 53 -40 53 -18 0 -24 -5 -24 -22z"/>
<path d="M1120 5102 c0 -28 10 -52 22 -52 14 0 5 63 -9 68 -8 2 -13 -5 -13
-16z"/>
<path d="M1204 5013 c0 -110 -19 -208 -64 -335 -25 -73 -26 -108 -2 -108 24 0
68 71 93 150 23 73 36 252 25 344 -7 49 -10 56 -29 56 -21 0 -22 -4 -23 -107z"/>
<path d="M1336 5048 c28 -141 34 -214 24 -300 -11 -97 -27 -146 -113 -353 -58
-140 -62 -147 -65 -110 -4 57 38 214 87 321 43 97 49 124 28 124 -8 0 -48 -69
-91 -152 -84 -167 -102 -234 -86 -317 15 -81 60 -157 60 -102 0 11 22 49 49
84 52 67 104 163 141 257 49 125 61 283 39 507 l-12 113 -37 0 -38 0 14 -72z"/>
<path d="M1490 5047 c0 -42 9 -107 21 -153 31 -117 24 -220 -22 -311 -19 -37
-35 -71 -37 -75 -10 -22 38 -4 66 25 70 72 96 196 67 327 -9 41 -19 117 -22
168 l-6 92 -34 0 -33 0 0 -73z"/>
<path d="M1660 5043 c1 -148 45 -383 73 -383 5 0 7 10 3 23 -14 56 -38 241
-43 335 -4 76 -9 102 -20 102 -10 0 -13 -19 -13 -77z"/>
<path d="M1735 5056 c-8 -73 13 -236 49 -376 15 -62 19 -93 12 -98 -6 -4 -47
-14 -91 -23 -44 -9 -96 -24 -115 -33 l-35 -16 35 5 c19 3 95 8 168 12 85 3
135 10 138 17 2 6 -10 49 -27 96 -48 133 -69 240 -69 368 l0 112 -29 0 c-29 0
-30 -2 -36 -64z"/>
<path d="M1860 5053 c0 -87 23 -231 50 -307 11 -33 46 -107 77 -165 31 -58 72
-135 90 -171 26 -50 44 -71 79 -92 25 -16 56 -47 72 -72 19 -32 34 -45 50 -46
12 0 22 2 22 5 0 21 -43 96 -124 218 -115 174 -208 352 -225 432 -6 33 -15
106 -18 163 l-6 102 -34 0 -33 0 0 -67z"/>
<path d="M1970 4993 c0 -140 14 -153 25 -23 3 41 8 92 11 113 5 33 3 37 -15
37 -20 0 -21 -5 -21 -127z"/>
<path d="M2072 5083 c-13 -30 -17 -66 -16 -163 1 -216 22 -279 155 -470 106
-152 111 -159 130 -220 12 -41 22 -55 35 -55 15 0 19 7 18 30 -4 74 -26 118
-185 365 -84 131 -97 374 -27 513 l18 37 -55 0 c-55 0 -56 -1 -73 -37z"/>
<path d="M2244 5088 c-62 -121 -58 -351 8 -482 42 -84 133 -215 147 -213 39 6
76 135 49 170 -27 36 -67 -9 -69 -76 -1 -30 -3 -28 -29 28 -69 150 -96 362
-62 495 11 41 23 83 27 93 6 14 2 17 -24 17 -24 0 -34 -7 -47 -32z"/>
<path d="M2407 5081 c-37 -41 -51 -77 -62 -152 -8 -64 11 -176 40 -224 28 -48
92 -111 102 -101 4 4 -5 42 -20 85 -25 69 -28 91 -28 205 0 146 11 178 71 208
l35 18 -51 0 c-47 0 -55 -3 -87 -39z"/>
<path d="M2662 5097 c40 -34 61 -85 66 -163 4 -67 3 -73 -24 -102 -43 -46 -69
-49 -102 -14 -27 29 -62 119 -62 159 0 25 30 53 58 53 30 0 28 18 -3 32 -38
17 -92 -11 -112 -59 -29 -71 12 -224 73 -272 60 -47 178 -8 221 72 35 64 13
206 -43 292 -13 20 -25 25 -58 25 l-41 0 27 -23z"/>
<path d="M2778 5088 c31 -50 52 -135 52 -205 0 -73 -8 -93 -58 -145 -39 -41
-31 -48 25 -22 80 38 107 125 78 249 -8 39 -25 89 -36 113 -18 35 -25 42 -51
42 l-30 0 20 -32z"/>
<path d="M2885 5069 c59 -116 81 -280 49 -373 -18 -52 -15 -63 14 -47 35 19
63 103 63 191 0 88 -11 138 -48 223 -25 55 -27 57 -65 57 l-38 0 25 -51z"/>
<path d="M3009 5076 c47 -67 79 -143 86 -201 9 -65 -9 -189 -35 -250 -11 -26
-18 -50 -15 -53 14 -15 67 57 85 116 36 117 20 252 -44 368 -30 54 -36 59 -70
62 l-38 3 31 -45z"/>
<path d="M3116 5093 c9 -16 28 -44 40 -63 47 -70 88 -200 109 -342 6 -39 21
-50 31 -23 4 8 -3 61 -14 117 -16 78 -33 127 -70 200 -47 91 -49 96 -23 77 16
-11 45 -41 65 -65 20 -24 41 -44 47 -44 18 0 -7 34 -76 103 -53 54 -72 67 -97
67 l-30 0 18 -27z"/>
<path d="M3270 5115 c0 -3 16 -26 36 -52 68 -88 79 -149 48 -265 -16 -64 -14
-78 10 -59 24 20 50 112 50 181 1 53 -5 77 -31 133 -32 66 -32 67 -72 67 -23
0 -41 -2 -41 -5z"/>
<path d="M3440 5116 c0 -2 7 -23 15 -46 18 -50 20 -171 4 -256 -6 -32 -24
-102 -41 -154 -43 -132 -49 -276 -16 -369 24 -67 49 -94 68 -75 7 7 5 24 -6
55 -9 24 -18 82 -21 129 -5 88 -1 114 52 305 37 133 48 233 35 306 -16 88 -28
109 -62 109 -15 0 -28 -2 -28 -4z"/>
<path d="M3544 5093 c7 -16 26 -73 41 -128 35 -128 32 -241 -8 -329 -28 -60
-21 -72 18 -30 66 71 96 227 61 318 -9 24 -23 46 -30 49 -7 3 -16 21 -19 39
-10 62 -34 108 -57 108 -19 0 -20 -2 -6 -27z"/>
<path d="M3623 5103 c28 -32 107 -207 117 -262 14 -75 12 -161 -5 -277 -8 -54
-15 -125 -15 -157 0 -31 -11 -113 -25 -182 -29 -146 -47 -321 -39 -379 7 -53
34 -167 43 -184 4 -7 7 61 7 150 0 144 3 174 27 260 14 54 41 133 60 175 66
148 88 262 89 469 0 148 -11 201 -69 327 -29 62 -40 77 -59 77 l-22 0 29 -69
c79 -187 93 -375 45 -585 -50 -215 -53 -192 -20 118 21 192 4 319 -65 469
l-30 67 -42 0 c-39 0 -41 -1 -26 -17z"/>
<path d="M3834 5036 c23 -46 48 -91 55 -100 11 -13 16 -64 19 -207 4 -148 8
-189 18 -189 17 0 34 62 34 130 1 120 45 -61 56 -229 4 -56 10 -101 14 -101
15 0 60 120 70 186 17 121 12 307 -12 456 -15 92 -27 138 -35 138 -8 0 -13
-16 -14 -42 l-1 -43 -19 43 c-18 39 -23 42 -58 42 l-39 0 54 -108 c29 -60 60
-137 68 -173 20 -85 30 -284 18 -334 l-10 -40 -1 50 c-2 90 -30 216 -87 390
-58 177 -75 215 -98 215 -11 0 -9 -14 10 -62 23 -60 34 -118 12 -68 -54 124
-58 130 -76 130 -17 0 -15 -9 22 -84z"/>
<path d="M4205 5103 c40 -106 117 -356 126 -414 18 -113 5 -233 -42 -405 -54
-197 -67 -268 -80 -440 -7 -104 -7 -186 1 -295 14 -196 34 -289 126 -601 12
-40 21 -12 33 95 7 61 21 146 33 187 24 90 182 425 266 565 33 55 59 102 57
103 -7 8 -96 -60 -119 -91 -31 -41 -154 -272 -194 -362 -34 -79 -57 -161 -70
-250 l-8 -60 -26 110 c-43 180 -52 252 -51 420 0 196 21 360 68 524 49 173 58
261 52 485 -5 178 -7 198 -36 291 -44 141 -50 155 -73 155 -14 0 -18 -5 -14
-15 9 -24 44 -146 51 -180 11 -49 -11 -15 -24 38 -20 85 -52 157 -68 157 -10
0 -13 -5 -8 -17z"/>
<path d="M4315 5103 c4 -10 15 -49 25 -88 10 -38 30 -101 45 -139 14 -38 36
-107 48 -154 13 -47 28 -87 35 -90 25 -8 11 57 -49 228 -90 260 -90 260 -101
260 -6 0 -7 -8 -3 -17z"/>
<path d="M4365 5100 c13 -39 85 -179 155 -300 85 -144 97 -196 60 -242 -18
-23 -29 -28 -65 -28 -64 0 -81 -22 -95 -128 -6 -48 -20 -118 -31 -156 -18 -62
-19 -70 -5 -84 18 -18 18 -18 66 136 18 56 41 114 52 127 11 14 44 37 74 51
29 14 64 40 76 57 44 61 29 127 -85 377 -19 41 -44 105 -56 143 -18 52 -27 67
-42 67 -10 0 -19 -1 -19 -3 0 -10 76 -190 101 -239 16 -31 29 -61 29 -65 -1
-17 -72 108 -117 204 -44 95 -50 103 -76 103 -24 0 -27 -3 -22 -20z"/>
<path d="M4554 5056 c38 -106 236 -414 257 -401 11 7 -4 38 -38 79 -35 42
-117 218 -145 308 l-23 78 -37 0 -38 0 24 -64z"/>
<path d="M4670 5113 c0 -61 173 -423 203 -423 13 0 7 17 -43 121 -27 57 -64
150 -82 206 -29 90 -36 102 -55 103 -13 0 -23 -3 -23 -7z"/>
<path d="M4790 5104 c0 -9 7 -43 16 -77 43 -167 158 -298 282 -321 30 -5 33
-4 30 16 -2 17 -13 25 -41 31 -88 21 -180 147 -213 296 -15 68 -17 71 -45 71
-20 0 -29 -5 -29 -16z"/>
<path d="M4920 5113 c1 -35 46 -176 66 -206 25 -38 74 -67 114 -67 15 0 20 7
20 28 0 21 -10 37 -40 61 -43 35 -71 81 -89 149 -11 37 -15 42 -41 42 -17 0
-30 -3 -30 -7z"/>
<path d="M5060 5093 c0 -45 19 -99 40 -118 19 -17 20 -17 20 0 0 10 -5 46 -12
81 -9 51 -15 64 -30 64 -13 0 -18 -8 -18 -27z"/>
<path d="M4120 5070 c0 -6 12 -57 27 -113 24 -90 27 -120 28 -262 0 -234 -25
-302 -185 -491 -61 -73 -85 -117 -76 -141 11 -28 33 -13 105 72 l33 40 -6 -42
c-3 -24 -2 -43 3 -43 7 0 34 59 54 120 12 36 5 -55 -13 -170 -41 -258 -36
-464 16 -680 34 -140 32 -136 46 -122 8 8 4 50 -13 154 -19 116 -24 178 -23
323 1 244 28 425 98 669 37 126 36 262 -3 451 -31 150 -58 236 -79 243 -6 2
-12 -2 -12 -8z"/>
<path d="M55 4919 c-4 -5 -18 -14 -31 -19 -32 -13 -33 -50 -1 -50 12 0 29 6
38 13 21 16 40 53 32 61 -10 10 -31 7 -38 -5z"/>
<path d="M3691 4804 c-1 -76 -20 -140 -72 -243 -50 -101 -85 -203 -94 -275 -6
-47 -5 -56 8 -56 18 0 21 7 41 110 15 71 75 244 83 237 1 -2 -6 -39 -17 -82
-23 -88 -23 -95 -11 -95 4 0 20 26 35 59 27 61 46 189 45 306 -1 84 -17 120
-18 39z"/>
<path d="M215 4729 c-16 -5 -63 -13 -104 -17 -95 -9 -104 -27 -18 -36 69 -8
101 -3 160 21 62 26 29 54 -38 32z"/>
<path d="M777 4690 c-3 -8 -8 -41 -11 -72 -3 -31 -18 -89 -32 -127 -14 -39
-23 -78 -20 -87 6 -15 8 -15 27 2 57 51 96 161 80 222 -14 50 -38 83 -44 62z"/>
<path d="M2566 4687 c-11 -8 -16 -19 -12 -26 12 -19 84 -51 100 -45 19 7 21
47 4 62 -24 18 -72 23 -92 9z"/>
<path d="M4970 4655 c-36 -20 -74 -44 -84 -55 -18 -18 -19 -20 -2 -26 12 -4
43 11 97 47 43 30 79 57 79 61 0 15 -26 7 -90 -27z"/>
<path d="M2718 4654 c-5 -4 -8 -11 -8 -15 0 -12 55 -39 78 -39 22 0 38 28 24
42 -13 13 -85 22 -94 12z"/>
<path d="M5058 4590 c-54 -28 -80 -50 -60 -50 24 0 122 53 122 66 0 17 6 19
-62 -16z"/>
<path d="M0 4585 c0 -10 11 -15 35 -15 39 0 47 14 13 24 -36 9 -48 7 -48 -9z"/>
<path d="M5040 4531 c-41 -20 -131 -74 -200 -120 -146 -98 -232 -141 -279
-141 -26 0 -42 -8 -67 -36 -37 -38 -41 -55 -21 -72 10 -8 31 -2 83 25 142 73
192 104 328 202 76 56 160 113 187 129 27 15 49 33 49 40 0 6 -1 12 -2 11 -2
0 -37 -17 -78 -38z"/>
<path d="M4803 4522 c-27 -10 -43 -23 -43 -33 0 -21 -121 -86 -178 -95 -32 -5
-42 -11 -42 -25 0 -31 49 -23 136 21 75 37 184 121 184 141 0 11 -5 10 -57 -9z"/>
<path d="M3111 4491 c-23 -15 12 -59 53 -66 45 -9 66 -4 80 18 20 31 -4 52
-65 55 -30 1 -60 -2 -68 -7z"/>
<path d="M1600 4474 c-71 -19 -160 -60 -160 -73 0 -15 6 -14 112 14 130 35
224 41 329 21 47 -9 91 -16 97 -16 15 0 16 36 2 45 -5 3 -10 -3 -10 -15 0 -20
0 -20 -37 -1 -83 41 -230 53 -333 25z"/>
<path d="M2532 4468 c-11 -13 -24 -36 -27 -51 -4 -15 -25 -49 -46 -75 -32 -38
-39 -54 -39 -89 0 -24 3 -43 8 -43 4 0 30 13 57 28 38 20 55 38 72 72 80 167
76 153 57 167 -27 19 -58 16 -82 -9z"/>
<path d="M2783 4466 c-73 -23 -110 -52 -121 -96 -11 -46 -7 -54 22 -35 27 20
118 19 187 -1 30 -9 113 -42 184 -72 118 -52 137 -57 200 -56 68 0 115 14 115
35 0 5 -11 21 -25 35 -24 24 -28 25 -118 19 -91 -7 -93 -6 -220 39 -71 25
-160 51 -199 58 l-70 11 28 16 c22 12 58 16 152 16 88 0 122 3 122 12 0 31
-176 44 -257 19z"/>
<path d="M3931 4448 c-5 -13 -15 -45 -22 -73 -7 -27 -32 -77 -55 -111 -23 -33
-46 -81 -52 -105 -5 -24 -19 -78 -30 -120 -29 -108 -37 -223 -22 -318 l12 -80
-32 -56 c-24 -41 -30 -63 -26 -83 9 -35 68 -152 77 -152 18 0 17 20 -2 81 -15
46 -19 79 -15 118 8 88 21 79 35 -26 8 -54 22 -124 33 -157 37 -112 101 -266
110 -266 17 0 -1 89 -37 180 -66 172 -85 266 -85 423 0 104 17 91 26 -21 4
-45 11 -82 17 -82 6 0 7 40 1 118 -5 64 -8 169 -8 232 2 110 4 120 47 235 61
164 67 183 67 221 0 61 -22 85 -39 42z m-115 -560 c-24 -200 -25 -203 -21 -73
2 108 20 223 32 211 3 -3 -2 -65 -11 -138z"/>
<path d="M5084 4435 c-10 -8 -14 -15 -7 -15 19 0 43 11 43 21 0 13 -14 11 -36
-6z"/>
<path d="M795 4424 c-21 -22 -20 -24 30 -83 25 -29 45 -57 45 -63 0 -6 -15 -7
-42 -1 -24 4 -126 8 -228 8 l-185 -1 -125 -43 c-69 -24 -162 -62 -205 -84 -68
-36 -80 -46 -83 -70 l-3 -28 74 41 c104 57 181 85 316 117 151 35 360 38 484
6 l78 -20 -7 31 c-3 17 -25 67 -48 110 -44 85 -73 108 -101 80z"/>
<path d="M52 4420 c-36 -8 -60 -26 -50 -36 7 -6 98 31 98 40 0 7 -4 7 -48 -4z"/>
<path d="M1710 4400 c-87 -15 -323 -80 -358 -97 -38 -19 -60 -52 -27 -39 10 3
106 25 214 47 239 50 330 54 438 19 77 -25 103 -21 65 11 -55 44 -236 77 -332
59z"/>
<path d="M3671 4385 c-27 -64 -71 -241 -71 -286 0 -61 17 -110 30 -89 6 8 10
33 10 55 0 22 11 96 26 164 14 68 24 137 22 155 l-4 31 -13 -30z"/>
<path d="M88 4363 c-81 -34 -88 -39 -88 -64 l0 -28 97 49 c53 28 105 50 115
50 10 0 18 7 18 15 0 25 -48 17 -142 -22z"/>
<path d="M351 4389 c-65 -11 -209 -74 -291 -126 -43 -27 -60 -44 -60 -60 0
-22 0 -22 63 6 34 16 104 39 154 51 51 12 90 26 87 31 -3 5 -12 9 -20 9 -31 0
-2 18 53 33 104 27 263 32 221 6 -28 -18 10 -26 100 -21 111 5 115 17 16 50
-79 27 -235 37 -323 21z"/>
<path d="M5036 4325 c-49 -24 -73 -32 -85 -25 -13 6 -40 -6 -107 -47 -139 -88
-263 -149 -360 -179 -92 -28 -132 -53 -119 -74 11 -17 94 -5 164 24 31 13 121
62 200 109 143 86 240 131 270 125 9 -2 -9 -17 -44 -36 -65 -36 -220 -170
-471 -407 -146 -137 -159 -152 -159 -184 0 -19 5 -36 12 -38 6 -2 46 40 89 94
97 121 164 194 228 245 46 36 50 38 67 22 17 -15 20 -14 51 22 65 76 231 230
289 268 55 36 59 41 59 77 0 22 -3 39 -7 39 -5 0 -39 -16 -77 -35z"/>
<path d="M1713 4286 c-113 -26 -353 -119 -340 -132 2 -3 67 13 143 34 77 22
178 45 225 52 112 17 265 8 349 -19 67 -21 95 -16 70 13 -41 50 -315 82 -447
52z"/>
<path d="M2690 4277 c-55 -15 -105 -45 -143 -85 -45 -47 -13 -49 46 -4 29 23
66 46 82 52 31 12 132 16 143 6 3 -3 -10 -6 -29 -6 -43 0 -79 -10 -79 -21 0
-5 34 -9 75 -9 128 0 215 -45 397 -205 53 -47 99 -85 102 -85 8 0 -23 78 -42
108 -22 33 -165 143 -242 185 -111 61 -232 85 -310 64z"/>
<path d="M1362 4231 c-57 -15 -110 -35 -118 -43 -14 -14 -11 -16 23 -21 33 -6
57 1 144 39 57 25 106 48 108 50 12 12 -66 -1 -157 -25z"/>
<path d="M5074 4204 c-65 -44 -191 -162 -243 -228 -171 -216 -368 -634 -406
-864 -10 -56 -15 -111 -12 -122 3 -11 1 -18 -3 -15 -18 11 -44 -214 -27 -231
14 -15 27 20 27 76 1 30 5 73 9 95 l9 40 2 -55 c1 -30 5 -100 9 -155 6 -94 8
-98 20 -70 10 22 12 67 8 168 -7 225 14 356 89 551 118 305 377 680 535 773
18 11 29 25 29 40 0 28 1 29 -46 -3z"/>
<path d="M435 4195 c-98 -22 -204 -64 -300 -116 -113 -63 -138 -81 -134 -103
3 -14 18 -8 83 33 269 170 575 208 861 106 82 -29 115 -32 115 -10 0 19 -64
47 -169 76 -98 28 -363 36 -456 14z"/>
<path d="M1682 4195 c-95 -17 -318 -89 -360 -115 -38 -24 -76 -80 -62 -94 6
-6 41 10 92 41 152 92 323 143 485 143 112 0 170 -15 292 -77 58 -29 108 -53
113 -53 13 0 9 22 -9 42 -15 17 -15 18 13 9 16 -5 45 -12 65 -15 20 -4 62 -22
94 -41 62 -38 85 -43 85 -20 0 21 -107 72 -187 91 -38 8 -122 34 -188 57 -112
38 -128 41 -240 44 -71 1 -150 -3 -193 -12z"/>
<path d="M2725 4164 c-79 -19 -106 -28 -116 -40 -19 -23 -7 -24 51 -9 123 33
245 14 367 -57 112 -66 122 -57 19 16 -34 25 -84 54 -111 66 -47 20 -169 34
-210 24z"/>
<path d="M3521 4135 c-2 -40 31 -200 64 -316 37 -128 70 -203 85 -194 6 4 6
14 -1 27 -15 28 -23 55 -69 238 -42 166 -78 278 -79 245z"/>
<path d="M1716 4114 c-137 -27 -280 -85 -345 -140 -56 -47 -19 -47 52 0 129
84 367 140 500 116 67 -13 138 -45 207 -95 25 -18 74 -43 110 -55 36 -12 107
-41 157 -65 51 -24 95 -39 98 -34 10 16 -111 85 -216 124 -56 21 -132 57 -169
80 -126 82 -234 101 -394 69z"/>
<path d="M530 4100 c-11 -11 -20 -27 -20 -35 0 -12 18 -13 113 -9 61 4 153 2
202 -4 96 -11 117 -6 87 21 -28 26 -144 47 -259 47 -90 0 -106 -3 -123 -20z"/>
<path d="M3427 4114 c-16 -16 58 -197 77 -191 21 7 18 93 -4 136 -23 46 -57
71 -73 55z"/>
<path d="M5070 4084 c-73 -58 -130 -112 -130 -124 0 -18 23 -6 105 56 56 42
75 62 75 80 0 13 -1 24 -2 23 -2 0 -23 -16 -48 -35z"/>
<path d="M304 4046 c-77 -30 -108 -46 -216 -109 -77 -45 -88 -55 -88 -79 l0
-27 111 66 c62 36 152 84 200 106 49 22 89 46 89 54 0 19 -26 16 -96 -11z"/>
<path d="M1755 4064 c-138 -20 -284 -70 -315 -109 -14 -17 -13 -18 4 -12 147
56 391 94 450 71 29 -11 17 -23 -26 -26 -33 -2 -44 -8 -46 -22 -4 -18 3 -18
127 -14 72 3 134 8 138 12 12 12 -21 35 -100 66 -76 30 -166 43 -232 34z"/>
<path d="M2604 4056 c-10 -8 -16 -17 -12 -21 15 -15 161 -45 264 -53 61 -6
121 -15 132 -21 27 -14 42 -14 42 2 0 18 -77 78 -119 93 -52 19 -281 19 -307
0z"/>
<path d="M3290 4030 c-13 -24 -12 -27 61 -112 80 -92 150 -199 226 -342 36
-66 102 -178 148 -248 46 -70 92 -142 102 -160 13 -26 18 -29 21 -15 2 9 -17
54 -43 98 -25 44 -55 101 -66 125 -10 25 -34 72 -53 104 -19 32 -51 96 -71
142 -49 113 -126 247 -199 345 -50 68 -66 83 -88 83 -17 0 -31 -7 -38 -20z"/>
<path d="M3939 3988 l-33 -63 2 -164 c3 -244 42 -507 107 -731 52 -177 63
-226 79 -355 9 -66 23 -165 32 -220 24 -149 15 -369 -21 -551 -17 -81 -25
-148 -21 -160 7 -18 8 -18 18 -1 5 11 26 105 45 210 31 174 34 204 29 322 -3
72 -14 173 -25 225 -11 52 -25 158 -31 235 -12 147 -30 244 -80 435 -61 234
-92 561 -71 745 7 55 14 108 17 118 12 39 -15 13 -47 -45z"/>
<path d="M535 4015 c-162 -24 -310 -88 -472 -202 -61 -43 -63 -45 -63 -89 l0
-44 76 64 c146 122 277 182 467 215 228 40 365 36 472 -13 69 -32 108 -67 165
-150 67 -97 94 -130 107 -125 16 6 -98 184 -155 245 -56 58 -113 89 -191 104
-73 14 -296 11 -406 -5z"/>
<path d="M2300 4018 c0 -16 76 -65 202 -133 71 -38 113 -70 181 -137 63 -64
94 -88 112 -88 58 0 44 59 -33 137 -70 71 -155 124 -259 163 -43 16 -98 38
-123 49 -51 24 -80 27 -80 9z"/>
<path d="M5098 4008 c-13 -9 -15 -17 -8 -28 12 -19 34 0 28 24 -2 14 -6 15
-20 4z"/>
<path d="M2596 3981 c-8 -12 11 -26 184 -141 208 -138 250 -154 250 -96 0 56
-130 138 -332 211 -54 19 -100 31 -102 26z"/>
<path d="M4453 3939 c-48 -24 -66 -28 -81 -20 -22 11 -32 5 -32 -18 1 -42 15
-44 92 -7 41 19 82 44 93 56 26 28 4 25 -72 -11z"/>
<path d="M3142 3937 c-23 -13 -21 -15 73 -82 121 -86 166 -136 221 -250 24
-49 36 -79 27 -65 -66 92 -257 257 -381 329 -49 28 -92 51 -96 51 -3 0 -6 -8
-6 -18 0 -26 92 -110 200 -183 114 -76 322 -275 387 -370 28 -42 56 -72 73
-78 60 -20 127 -150 158 -306 19 -90 39 -325 27 -314 -2 3 -9 47 -16 99 -14
118 -39 200 -96 315 -49 99 -77 135 -105 135 -29 0 -22 -27 36 -129 77 -136
100 -198 130 -349 37 -188 59 -233 87 -180 19 36 5 335 -20 433 -32 122 -109
261 -249 445 -23 30 -53 86 -67 125 -56 150 -133 256 -256 351 -65 49 -95 59
-127 41z"/>
<path d="M1560 3906 c-146 -51 -276 -114 -263 -127 8 -8 51 3 155 41 136 50
247 79 296 80 24 0 28 10 10 28 -21 21 -100 13 -198 -22z"/>
<path d="M625 3905 c-33 -7 -72 -18 -86 -23 -20 -8 -32 -7 -48 5 -14 9 -32 13
-49 8 -39 -10 -226 -119 -312 -182 -125 -93 -130 -99 -130 -161 l0 -54 44 59
c69 94 181 155 436 238 234 76 344 90 483 60 38 -8 93 -27 123 -44 57 -31 78
-28 41 7 -89 83 -330 125 -502 87z"/>
<path d="M2062 3910 c2 -8 42 -24 89 -35 114 -29 185 -57 308 -121 71 -36 108
-51 115 -44 40 40 -290 192 -450 207 -54 5 -66 4 -62 -7z"/>
<path d="M5040 3873 c-36 -25 -97 -74 -136 -109 -40 -35 -75 -64 -79 -64 -3 0
12 35 34 78 69 132 41 121 -41 -17 -28 -47 -76 -123 -106 -169 -62 -94 -99
-178 -137 -307 -46 -159 -55 -244 -65 -590 -11 -363 -22 -462 -30 -275 -5 93
-10 125 -30 170 l-25 55 -7 -90 c-3 -49 -11 -151 -17 -226 -10 -141 -6 -234
10 -191 5 13 12 84 16 160 6 108 9 128 14 92 13 -76 10 -181 -7 -265 -9 -47
-19 -176 -24 -315 -9 -252 -10 -259 -83 -478 -19 -57 -37 -106 -40 -109 -3 -2
-8 17 -12 44 -8 62 -12 73 -25 73 -16 0 -12 -271 5 -407 8 -65 24 -167 35
-228 10 -60 26 -155 35 -210 16 -100 29 -133 41 -102 8 21 -13 180 -37 289
-31 134 -21 150 25 38 22 -52 43 -99 48 -105 21 -24 4 46 -34 143 l-43 107 0
135 0 135 68 195 c75 220 100 329 117 510 22 251 48 409 71 434 13 14 11 96
-2 96 -23 0 -67 -159 -90 -328 -5 -42 -15 -95 -21 -117 -8 -33 -11 -36 -20
-21 -19 34 32 347 78 478 22 63 27 99 35 263 23 479 45 606 137 795 28 59 59
99 142 184 58 59 144 138 193 174 74 55 87 70 87 94 0 15 -3 28 -7 28 -5 -1
-37 -21 -73 -47z"/>
<path d="M1891 3876 c-83 -18 -74 -31 31 -46 51 -7 115 -19 143 -27 67 -20
213 -86 307 -139 42 -24 102 -55 133 -69 50 -22 57 -23 62 -8 13 34 -179 183
-280 217 -60 20 -60 20 -52 -5 6 -19 4 -19 -44 6 -59 31 -140 54 -196 56 -22
1 -31 3 -20 6 11 3 24 9 30 14 12 12 -45 9 -114 -5z"/>
<path d="M747 3820 c-53 -9 -97 -33 -97 -54 0 -11 9 -11 52 0 104 27 224 10
366 -54 83 -37 138 -62 155 -70 4 -2 7 3 7 11 0 16 -131 106 -200 136 -80 35
-187 47 -283 31z"/>
<path d="M1540 3791 c-85 -22 -146 -46 -155 -61 -9 -15 12 -12 90 10 76 22
225 41 225 28 0 -4 -10 -10 -22 -12 -179 -33 -270 -64 -385 -129 -51 -29 -105
-51 -155 -61 -93 -21 -219 -61 -269 -87 -62 -31 -187 -179 -151 -179 12 0 130
71 218 132 58 39 111 65 180 88 55 18 129 48 167 67 99 49 151 68 336 122 203
59 231 64 322 51 91 -13 167 -44 275 -111 161 -101 249 -211 289 -359 8 -30
20 -135 27 -232 6 -97 15 -175 19 -172 33 20 14 300 -32 458 -17 59 -28 110
-26 112 8 9 128 -159 156 -216 22 -46 26 -69 26 -141 0 -85 -1 -88 -57 -200
-62 -125 -119 -201 -265 -357 -238 -252 -301 -396 -259 -586 19 -84 83 -221
117 -252 22 -19 22 -19 16 6 -3 14 -22 69 -41 123 -38 109 -63 249 -52 292 12
45 24 17 40 -90 9 -55 23 -125 32 -155 36 -121 124 -257 192 -297 40 -24 50
-25 135 -20 113 6 202 37 402 140 109 56 140 76 140 92 0 17 -6 20 -35 17 -44
-3 -121 -39 -185 -84 -129 -92 -262 -128 -356 -97 -88 30 -191 148 -228 263
-11 33 -30 99 -41 146 -48 204 -17 276 226 532 171 179 242 306 245 438 1 41
3 66 6 55 3 -11 10 -24 15 -30 15 -14 3 73 -23 171 -30 114 -73 188 -159 274
-128 129 -350 257 -520 300 -127 31 -377 37 -480 11z"/>
<path d="M5055 3738 c-214 -178 -313 -318 -365 -514 -24 -91 -53 -321 -69
-544 -7 -85 -14 -170 -17 -187 -4 -26 -1 -33 11 -33 25 0 36 43 61 230 12 96
32 247 43 335 24 181 48 271 97 365 45 86 154 213 237 275 57 43 66 54 67 83
0 17 -3 32 -7 32 -5 0 -30 -19 -58 -42z"/>
<path d="M689 3726 c-130 -36 -289 -157 -337 -257 -30 -62 -30 -167 -1 -246
28 -72 101 -149 153 -158 88 -17 207 30 304 119 59 55 123 158 108 173 -11 12
-67 -24 -166 -107 -52 -44 -114 -89 -137 -100 -48 -22 -107 -26 -140 -7 -53
30 -93 111 -93 189 1 121 83 212 275 305 92 44 105 48 175 48 41 0 114 -4 163
-9 129 -13 109 6 -40 37 -139 29 -194 32 -264 13z"/>
<path d="M452 3702 c-78 -31 -201 -145 -259 -242 -53 -88 -86 -295 -64 -402
17 -79 65 -172 109 -208 41 -34 134 -66 160 -55 14 6 13 9 -8 15 -106 31 -186
116 -219 234 -15 55 -7 56 20 4 35 -69 117 -164 181 -208 58 -41 60 -42 121
-35 121 14 276 76 328 131 34 36 16 41 -54 15 -131 -50 -229 -72 -293 -68
-120 9 -210 71 -261 181 -25 55 -28 72 -28 166 0 101 1 108 37 181 44 90 154
201 264 267 61 37 66 42 39 41 -16 0 -49 -8 -73 -17z"/>
<path d="M257 3668 c-95 -51 -197 -180 -239 -302 -26 -77 -25 -296 2 -373 25
-72 25 -95 0 -118 -16 -15 -19 -31 -19 -114 l0 -96 40 45 c45 52 51 80 16 80
-13 0 -28 -5 -35 -12 -7 -7 -12 -8 -12 -2 0 6 10 19 22 30 11 10 34 39 49 63
l28 44 -21 41 c-68 133 -62 315 14 459 36 66 145 188 207 231 43 30 54 56 24
56 -10 0 -44 -15 -76 -32z"/>
<path d="M1652 3675 c-100 -30 -175 -62 -302 -125 -52 -26 -134 -59 -183 -74
-97 -30 -142 -62 -183 -133 -19 -31 -25 -53 -21 -76 4 -28 -1 -37 -47 -80 -74
-69 -179 -132 -271 -162 -98 -33 -205 -33 -270 1 -53 28 -93 94 -108 177 -10
60 -8 76 15 167 26 104 23 141 -6 69 -28 -70 -46 -161 -46 -235 0 -120 31
-179 121 -229 51 -28 60 -30 164 -29 122 0 179 15 315 82 61 30 95 58 195 157
l120 121 195 97 c107 53 215 101 240 106 65 15 286 13 345 -3 153 -40 216
-126 234 -314 9 -95 -2 -250 -24 -324 -20 -72 -50 -112 -224 -306 -207 -231
-248 -297 -290 -463 -25 -97 -26 -140 -6 -232 17 -81 61 -226 74 -247 22 -33
23 6 1 94 -31 131 -26 314 13 424 46 130 190 340 353 513 144 151 178 242 177
469 0 118 -4 145 -26 215 -17 51 -39 96 -61 121 -78 91 -241 142 -421 131
-128 -8 -152 -15 -315 -92 -74 -35 -151 -66 -170 -70 l-35 -7 40 30 c96 72
322 167 459 192 95 18 232 8 323 -24 164 -56 240 -130 303 -293 45 -115 60
-142 60 -105 0 31 -35 132 -71 206 l-30 61 31 -35 c17 -19 48 -69 68 -110 l37
-75 -1 -135 c-1 -139 -13 -211 -53 -302 -20 -46 -80 -133 -87 -126 -2 3 8 34
22 69 29 71 64 223 64 281 0 67 -21 139 -50 172 -42 46 -50 28 -37 -87 8 -72
8 -119 0 -176 -24 -160 -67 -239 -229 -411 -250 -268 -330 -439 -327 -700 0
-81 7 -138 21 -191 36 -134 107 -249 153 -249 27 0 24 14 -16 78 -19 32 -49
100 -66 152 -111 330 57 705 447 1003 121 92 181 182 209 312 42 201 -20 401
-175 556 -132 133 -241 179 -440 185 -112 4 -134 2 -208 -21z"/>
<path d="M2590 3652 c0 -10 14 -31 31 -48 100 -95 190 -244 235 -387 18 -59
30 -85 37 -78 6 6 0 49 -18 126 -28 120 -29 163 -1 78 28 -87 38 -147 45 -263
3 -67 10 -115 16 -114 44 5 45 198 2 323 -14 41 -37 86 -50 100 -14 14 -40 53
-58 86 -42 78 -71 109 -143 156 -65 43 -96 49 -96 21z"/>
<path d="M733 3643 c-41 -14 -55 -35 -33 -48 5 -3 42 10 82 29 l73 36 -40 -1
c-22 0 -59 -7 -82 -16z"/>
<path d="M5050 3597 c-104 -86 -172 -184 -216 -312 -25 -73 -27 -92 -26 -210
2 -140 0 -145 -61 -233 -23 -33 -28 -48 -25 -88 4 -51 8 -47 28 24 6 24 13 42
15 40 6 -6 -13 -83 -38 -148 -13 -36 -30 -90 -36 -120 -7 -30 -28 -107 -47
-171 -51 -176 -74 -291 -74 -368 0 -69 11 -94 32 -73 6 6 21 74 34 152 46 275
166 477 412 690 64 56 72 67 72 99 l0 36 -126 -125 c-100 -100 -179 -188 -231
-259 -2 -2 -5 -2 -8 1 -3 3 4 32 16 64 19 50 42 79 159 199 93 95 145 157 163
194 25 52 27 63 26 185 -1 145 -10 139 -30 -19 -12 -92 -28 -125 -60 -125 -34
0 -52 30 -45 76 8 61 71 237 106 299 29 51 39 95 21 95 -17 0 -93 -94 -121
-151 -37 -72 -60 -162 -60 -232 0 -74 14 -106 50 -120 17 -6 29 -15 28 -19 -5
-13 -165 -203 -193 -228 l-27 -25 7 24 c4 14 21 54 38 90 29 64 30 72 32 216
1 124 5 160 22 205 45 122 91 193 180 276 47 44 54 55 51 83 l-3 32 -65 -54z"/>
<path d="M906 3624 c-90 -17 -167 -57 -216 -111 -45 -48 -52 -86 -18 -104 19
-10 27 -5 77 49 31 33 74 69 96 80 50 25 185 67 245 77 25 4 52 11 60 16 24
14 -167 9 -244 -7z"/>
<path d="M3007 3623 c-4 -3 -7 -20 -7 -37 0 -25 16 -46 93 -121 103 -100 138
-159 198 -335 38 -113 44 -223 15 -303 -38 -106 -147 -257 -186 -257 -20 0
-46 -27 -36 -37 3 -3 16 2 28 13 12 10 6 0 -13 -23 -19 -23 -48 -52 -63 -64
-39 -31 -116 -137 -116 -160 0 -26 26 -35 49 -18 89 66 171 133 171 141 0 5
-9 4 -20 -2 -49 -26 -36 7 29 75 38 40 86 97 106 127 56 81 32 18 -31 -83 -53
-85 -63 -109 -45 -109 17 0 91 94 116 147 38 79 54 162 66 351 15 214 5 304
-45 407 -77 163 -262 335 -309 288z m192 -183 c64 -86 115 -203 125 -285 6
-50 6 -49 -14 17 -30 101 -64 172 -125 259 -30 43 -55 81 -55 84 0 14 15 -2
69 -75z m138 -392 c-2 -13 -4 -5 -4 17 -1 22 1 32 4 23 2 -10 2 -28 0 -40z"/>
<path d="M579 3553 c-69 -46 -126 -120 -115 -149 9 -23 43 -16 64 14 29 43 84
144 80 148 -3 2 -15 -4 -29 -13z"/>
<path d="M2870 3492 c0 -18 34 -54 75 -77 72 -43 128 -135 187 -308 26 -77 32
-108 32 -187 1 -52 -2 -122 -7 -154 -6 -51 -5 -57 7 -47 25 21 39 107 33 205
-4 72 -14 116 -47 210 -23 66 -48 133 -57 150 -32 64 -89 130 -146 172 -58 43
-77 52 -77 36z"/>
<path d="M1670 3480 c-114 -11 -219 -47 -205 -70 3 -4 37 3 77 17 142 50 308
16 404 -81 76 -78 116 -180 122 -312 6 -124 -11 -175 -23 -68 -17 165 -70 296
-139 346 -58 41 -78 36 -34 -9 74 -76 116 -225 120 -423 3 -93 2 -96 -35 -162
-21 -38 -34 -68 -29 -68 5 0 28 21 52 46 138 150 165 455 57 657 -59 112 -159
146 -367 127z m357 -637 c-2 -16 -4 -3 -4 27 0 30 2 43 4 28 2 -16 2 -40 0
-55z"/>
<path d="M2640 3479 c0 -7 8 -26 19 -43 42 -71 81 -262 81 -403 0 -72 1 -76
17 -61 13 13 17 42 21 125 5 122 -12 213 -54 297 -36 72 -84 120 -84 85z"/>
<path d="M3001 3458 c6 -13 32 -51 56 -84 24 -34 57 -95 74 -135 45 -108 99
-314 99 -376 0 -29 4 -53 10 -53 58 0 25 289 -50 446 -24 50 -135 182 -174
208 l-27 17 12 -23z"/>
<path d="M3344 3396 c69 -96 98 -168 104 -253 5 -85 25 -96 30 -16 2 37 -4 68
-22 112 -13 34 -22 61 -20 61 21 0 164 -389 194 -530 71 -327 63 -582 -26
-779 -36 -81 -90 -129 -224 -201 -63 -34 -162 -96 -220 -137 -58 -41 -126 -86
-152 -99 -46 -23 -64 -54 -33 -54 31 0 133 48 235 112 58 35 145 87 195 113
107 59 156 101 206 178 103 158 136 399 90 647 -33 178 -33 181 -16 135 14
-39 14 -39 9 45 -3 47 -10 104 -15 128 -15 67 -155 369 -208 447 -43 64 -138
155 -162 155 -5 0 10 -29 35 -64z"/>
<path d="M1560 3392 c0 -5 19 -17 42 -28 66 -30 141 -109 168 -179 22 -54 24
-76 25 -215 0 -85 -4 -172 -8 -193 -11 -53 7 -40 28 21 25 71 31 242 12 319
-34 130 -108 234 -193 269 -37 16 -74 18 -74 6z"/>
<path d="M2940 3398 c0 -3 11 -30 24 -61 47 -105 67 -182 73 -274 7 -117 -8
-214 -58 -371 -37 -112 -47 -131 -121 -230 -124 -166 -150 -226 -169 -391 -12
-110 -20 -134 -55 -166 -21 -19 -38 -25 -73 -25 -64 0 -88 20 -127 106 -40 87
-54 99 -54 48 0 -59 21 -112 61 -158 67 -76 146 -96 209 -53 52 34 72 80 96
215 31 166 76 262 190 397 88 105 96 122 88 194 -4 51 -1 84 16 146 14 52 23
125 27 210 5 114 3 140 -16 210 -23 84 -62 163 -92 191 -11 10 -19 15 -19 12z"/>
<path d="M575 3347 c-12 -45 -1 -129 18 -141 22 -14 51 3 55 33 4 25 -42 131
-57 131 -6 0 -13 -10 -16 -23z"/>
<path d="M4053 3324 c4 -21 29 -118 56 -215 58 -209 74 -322 61 -429 -6 -41
-13 -83 -16 -93 -4 -14 -2 -18 7 -15 8 3 19 29 24 59 l11 54 7 -40 c4 -22 7
-62 7 -90 0 -27 5 -108 12 -178 9 -99 9 -168 0 -305 -22 -317 -45 -404 -127
-469 -37 -30 -45 -57 -19 -67 30 -12 50 -6 76 22 55 57 74 148 97 472 16 214
17 282 8 355 -6 50 -11 173 -12 275 -1 107 -7 206 -14 235 -23 94 -110 354
-135 404 -34 66 -51 76 -43 25z"/>
<path d="M1351 3339 c-64 -12 -162 -61 -211 -105 -23 -21 -55 -65 -72 -98 -80
-159 -183 -249 -375 -331 -194 -81 -334 -84 -458 -9 -67 40 -69 40 -53 14 21
-34 109 -88 173 -106 113 -32 276 -1 465 89 116 54 205 144 284 284 32 57 76
118 98 139 77 69 194 106 283 90 53 -10 117 -73 150 -149 70 -154 28 -450 -92
-649 -38 -63 -63 -91 -127 -140 -43 -34 -91 -81 -107 -106 -61 -96 -76 -290
-30 -380 36 -70 44 -63 36 29 -8 102 6 196 42 287 21 51 44 85 104 147 84 88
125 147 188 272 53 107 61 145 62 310 0 160 -13 220 -67 300 -71 104 -160 138
-293 112z"/>
<path d="M462 3327 c-20 -24 -23 -64 -8 -101 23 -56 36 -44 36 33 0 70 -9 91
-28 68z"/>
<path d="M1835 3242 c46 -90 59 -157 52 -262 -11 -174 -63 -304 -177 -440
-136 -163 -240 -427 -240 -611 0 -78 45 -232 96 -330 100 -188 271 -381 392
-440 67 -33 59 -17 -15 33 -103 68 -177 141 -242 238 -62 92 -130 251 -152
355 -17 80 -15 236 5 311 36 140 120 303 208 401 76 86 126 169 151 248 18 59
22 93 22 215 0 163 -13 211 -80 303 -51 68 -61 58 -20 -21z"/>
<path d="M2577 3213 c6 -118 13 -177 24 -193 8 -13 12 -12 25 5 23 29 14 145
-15 213 -13 28 -27 52 -31 52 -4 0 -5 -35 -3 -77z"/>
<path d="M1487 3263 c-3 -3 5 -27 18 -52 26 -53 50 -140 59 -216 l6 -50 -14
41 c-16 49 -47 104 -59 104 -10 0 -8 -7 24 -95 18 -46 23 -82 23 -155 1 -86
-2 -101 -31 -162 -49 -104 -95 -167 -218 -297 -101 -107 -115 -126 -135 -186
-12 -37 -25 -99 -29 -138 l-7 -72 -13 55 c-7 30 -15 112 -18 182 l-6 126 60
31 c138 69 274 206 344 348 29 58 31 68 27 145 -4 73 -30 169 -43 157 -2 -3 0
-34 6 -70 18 -116 -11 -219 -102 -361 -18 -27 -33 -47 -35 -45 -2 2 12 33 31
68 89 169 82 342 -21 477 -38 49 -41 31 -6 -40 88 -183 59 -381 -79 -532 -62
-68 -126 -109 -217 -140 -40 -14 -82 -32 -94 -41 -22 -16 -21 -16 27 -10 l50
6 -3 -73 c-3 -61 2 -89 27 -170 17 -53 41 -117 52 -143 36 -81 117 -153 89
-79 -23 59 -32 163 -20 236 17 110 52 179 127 248 139 127 261 316 283 439 23
124 6 305 -38 405 -19 42 -52 72 -65 59z"/>
<path d="M1172 3153 c-5 -10 -15 -40 -21 -67 -21 -87 -61 -152 -135 -224 -83
-80 -134 -112 -244 -152 -137 -50 -240 -72 -331 -71 -75 0 -83 -1 -70 -15 42
-41 209 -36 364 13 189 59 340 172 412 308 24 46 63 181 63 220 0 13 -30 3
-38 -12z"/>
<path d="M2828 3088 c-4 -68 -10 -94 -36 -144 -49 -96 -144 -214 -252 -314
-102 -95 -200 -223 -235 -310 -12 -31 -19 -81 -23 -162 -4 -98 -1 -127 16
-185 22 -72 92 -182 153 -240 49 -47 122 -76 168 -68 98 18 184 83 222 168 20
45 23 66 22 162 -2 119 -12 176 -31 183 -24 8 -34 -48 -21 -122 19 -116 -3
-197 -73 -262 -68 -65 -151 -88 -212 -59 -80 38 -170 180 -185 291 -16 118 19
280 83 387 49 81 91 128 184 208 100 85 182 185 219 265 24 52 27 71 27 162
-1 130 -19 159 -26 40z"/>
<path d="M1228 3110 c-3 -8 -9 -57 -13 -108 -7 -105 -20 -153 -72 -260 -43
-87 -94 -136 -219 -209 -241 -141 -321 -238 -332 -399 -4 -57 0 -80 17 -119
12 -26 24 -45 28 -42 3 4 0 39 -7 79 -10 64 -10 81 5 130 34 118 135 222 305
313 179 97 250 187 285 360 15 77 18 288 3 255z"/>
<path d="M1292 2903 c3 -236 -51 -323 -271 -442 -111 -60 -149 -87 -138 -97 2
-3 62 23 131 56 152 74 234 147 288 257 32 65 33 73 31 173 -1 109 -11 161
-30 167 -8 3 -11 -30 -11 -114z"/>
<path d="M3535 2975 c4 -16 15 -64 25 -105 54 -225 60 -408 21 -593 -50 -239
-109 -332 -236 -373 -83 -28 -127 -54 -190 -113 -96 -92 -231 -176 -366 -230
-178 -70 -361 -80 -474 -25 -105 51 -209 178 -271 329 -25 61 -28 83 -29 175
0 97 2 110 32 172 49 104 108 184 221 300 57 58 99 109 94 112 -15 9 -126 -69
-195 -138 -132 -129 -196 -236 -218 -358 -10 -57 -10 -81 4 -152 30 -148 112
-309 212 -412 102 -104 203 -140 370 -131 227 13 462 126 681 328 28 26 88 66
134 89 144 72 216 159 253 305 38 147 49 439 21 571 -17 84 -71 254 -86 269
-6 6 -7 -1 -3 -20z"/>
<path d="M3966 2919 c-4 -41 -14 -101 -22 -134 -9 -36 -14 -97 -13 -155 3
-104 -3 -123 -51 -163 l-30 -26 8 -93 c15 -171 -15 -392 -70 -508 -50 -105
-131 -177 -270 -243 -120 -56 -165 -84 -280 -170 -65 -49 -85 -77 -53 -77 8 0
70 37 138 83 146 98 323 193 329 175 6 -18 49 18 97 82 117 156 171 339 171
585 0 201 18 231 35 60 3 -33 1 -103 -4 -155 -32 -292 -41 -350 -72 -436 -17
-49 -45 -127 -62 -174 -53 -148 -48 -257 20 -475 28 -89 83 -204 107 -224 28
-23 19 13 -23 97 -113 224 -138 442 -74 622 94 262 103 290 129 455 22 136 27
198 25 310 -4 204 -4 214 4 278 5 38 11 54 16 45 5 -7 6 -29 3 -48 -3 -19 2
-89 11 -155 28 -201 2 -442 -85 -780 -33 -129 -53 -231 -57 -287 -4 -65 -10
-88 -19 -88 -31 0 -9 -92 65 -270 62 -148 189 -380 208 -380 19 0 17 6 -43
120 -30 58 -67 132 -81 165 -14 33 -49 112 -78 175 -68 149 -70 158 -48 156
16 -1 19 11 24 99 7 113 11 134 85 413 73 280 88 382 81 562 -5 153 -25 270
-59 354 -13 31 -24 88 -28 147 -10 130 -25 157 -34 58z m13 -274 c0 -29 -2
-36 -9 -25 -5 8 -9 38 -9 65 1 40 3 45 9 25 4 -14 8 -43 9 -65z"/>
<path d="M3455 2959 c-8 -12 42 -156 56 -165 16 -10 9 54 -12 110 -21 59 -33
73 -44 55z"/>
<path d="M3410 2848 c0 -110 -21 -204 -67 -297 -30 -63 -55 -94 -145 -182 -59
-58 -108 -110 -108 -115 0 -5 4 -15 9 -23 6 -9 5 -24 0 -39 -25 -64 47 -38
131 49 79 81 178 316 199 472 17 119 15 217 -4 217 -12 0 -15 -16 -15 -82z
m-165 -545 c-23 -36 -67 -84 -73 -78 -4 4 78 105 86 105 2 0 -4 -12 -13 -27z"/>
<path d="M2880 2888 c0 -28 -84 -179 -135 -242 -83 -103 -65 -152 29 -80 84
64 167 219 151 282 -10 42 -45 73 -45 40z"/>
<path d="M127 2834 c-3 -4 -4 -25 -1 -49 6 -41 6 -42 -60 -93 -56 -44 -66 -57
-66 -83 l0 -31 50 45 c56 50 95 68 126 57 11 -5 46 -32 78 -60 39 -37 60 -50
67 -43 16 16 -11 60 -76 123 -32 30 -69 74 -84 98 -15 23 -30 39 -34 36z"/>
<path d="M5044 2715 c-113 -142 -181 -259 -219 -375 -10 -30 -20 -49 -22 -43
-3 7 3 36 12 64 24 70 6 87 -29 27 -53 -90 -87 -191 -97 -283 -5 -49 -14 -132
-19 -183 -10 -88 -37 -185 -39 -136 -1 12 -7 27 -15 34 -16 13 -13 21 -60
-165 -14 -55 -41 -151 -60 -214 -40 -129 -56 -253 -36 -266 8 -5 18 -1 27 11
15 20 17 30 58 209 26 117 86 291 160 468 25 60 38 109 42 159 6 66 15 90 101
263 123 247 165 319 224 382 45 47 49 55 46 94 l-3 43 -71 -89z"/>
<path d="M3548 2705 c2 -41 -1 -113 -7 -158 -15 -102 -83 -307 -150 -450 -58
-122 -61 -140 -29 -135 44 6 141 203 171 348 38 178 50 418 24 454 -10 14 -12
4 -9 -59z"/>
<path d="M4281 2559 c-23 -105 -23 -130 2 -82 l15 28 6 -45 c3 -25 7 -161 9
-303 4 -214 3 -255 -8 -240 -20 28 -24 14 -13 -57 13 -90 3 -251 -21 -335 -24
-84 -13 -106 18 -36 47 111 55 165 53 361 -3 222 13 534 33 656 8 49 15 97 15
108 0 37 -27 -3 -45 -67 -14 -49 -19 -58 -25 -42 -4 11 -5 50 -2 88 3 39 1 67
-5 67 -5 0 -19 -45 -32 -101z"/>
<path d="M5080 2624 c-42 -47 -84 -113 -77 -120 11 -11 44 7 81 45 32 33 37
44 34 76 l-3 38 -35 -39z"/>
<path d="M86 2609 c-36 -28 -27 -34 18 -13 34 17 37 17 56 -1 37 -33 69 -116
80 -208 13 -106 16 -114 84 -227 30 -50 56 -96 59 -103 2 -6 7 -9 11 -6 11 10
-13 98 -50 182 -19 43 -40 114 -48 157 -14 83 -34 125 -93 196 -41 51 -74 57
-117 23z"/>
<path d="M794 2571 c-126 -62 -252 -155 -295 -217 -25 -37 -33 -60 -35 -99 -1
-27 -6 -81 -13 -120 -26 -166 -5 -267 89 -435 83 -146 92 -179 100 -385 6
-145 11 -191 28 -238 33 -90 85 -182 178 -312 99 -138 156 -250 180 -350 13
-58 15 -100 9 -242 l-7 -173 25 0 c32 0 36 17 38 160 l1 115 13 -75 c8 -41 14
-103 14 -137 1 -62 13 -82 26 -43 14 45 -36 371 -74 483 -32 91 -81 178 -184
327 -161 231 -184 288 -212 525 -19 155 -33 203 -91 312 -82 152 -97 204 -98
328 -1 136 16 197 83 297 61 90 134 161 237 228 86 56 114 79 114 92 0 16 -28
7 -126 -41z"/>
<path d="M3431 2523 c-50 -209 -125 -325 -299 -462 -53 -41 -82 -71 -82 -84 0
-16 5 -18 28 -13 26 6 26 6 7 -10 -11 -8 -48 -32 -82 -52 -35 -20 -63 -43 -63
-50 0 -8 6 -12 13 -9 6 2 39 12 72 22 146 42 235 115 295 239 66 141 123 326
144 474 11 77 -9 43 -33 -55z m-145 -412 c-14 -27 -40 -66 -58 -86 -30 -35
-109 -95 -124 -95 -3 0 27 36 69 79 42 44 88 98 103 120 36 55 42 45 10 -18z"/>
<path d="M700 2580 c-76 -42 -158 -62 -231 -58 -72 4 -84 -5 -38 -30 15 -8 51
-12 95 -10 64 3 78 7 125 41 107 74 130 101 49 57z"/>
<path d="M113 2548 c-6 -7 -13 -45 -17 -84 -6 -66 -5 -74 23 -125 62 -111 144
-275 158 -314 9 -24 14 -76 14 -132 0 -112 16 -124 44 -33 29 94 18 140 -70
315 -73 143 -77 154 -85 243 -10 114 -38 167 -67 130z"/>
<path d="M326 2459 c53 -123 74 -190 74 -240 0 -39 15 -58 31 -42 5 5 10 37
11 71 1 54 -4 72 -39 144 -44 88 -97 168 -112 168 -5 0 11 -46 35 -101z"/>
<path d="M2557 2500 c-49 -53 -82 -122 -108 -221 -28 -108 -28 -174 -1 -202
29 -28 52 -8 52 45 0 81 31 193 81 293 27 55 49 106 49 113 0 25 -39 11 -73
-28z"/>
<path d="M7 2524 c-4 -4 -7 -64 -7 -133 l0 -126 22 34 c44 68 30 270 -15 225z"/>
<path d="M5067 2487 c-27 -22 -76 -77 -110 -121 -33 -45 -75 -98 -93 -118 -69
-77 -84 -112 -82 -183 1 -36 5 -65 10 -65 13 0 65 86 109 180 74 157 84 172
152 235 55 51 68 67 65 88 l-3 25 -48 -41z"/>
<path d="M2713 2476 c-89 -80 -155 -247 -152 -384 1 -57 -1 -67 -22 -84 l-24
-18 24 -20 c29 -25 46 -25 69 -2 15 15 20 41 25 118 4 54 12 117 18 139 15 53
69 161 113 225 57 82 28 96 -51 26z"/>
<path d="M3765 2318 c0 -161 -12 -217 -75 -353 -48 -105 -104 -173 -184 -226
-37 -24 -66 -46 -66 -50 0 -3 9 -14 19 -23 17 -15 22 -16 52 -3 109 46 231
199 267 333 51 192 51 464 -1 464 -9 0 -12 -37 -12 -142z"/>
<path d="M420 2422 c0 -54 41 -69 64 -23 18 34 6 51 -36 51 -24 0 -28 -4 -28
-28z"/>
<path d="M5073 2373 c-14 -16 -42 -64 -63 -108 -20 -44 -63 -120 -95 -170 -90
-138 -168 -297 -215 -438 -23 -71 -40 -131 -37 -134 12 -12 30 14 83 120 75
149 151 287 273 492 66 111 101 180 101 199 0 28 0 29 -20 11 -11 -10 -20 -14
-20 -8 0 5 9 18 20 28 11 10 20 22 20 27 0 16 -21 7 -47 -19z"/>
<path d="M1493 2338 c-74 -76 -132 -237 -133 -365 -1 -215 92 -467 217 -590
59 -59 83 -75 83 -55 0 5 -25 42 -56 83 -30 41 -71 101 -89 134 -80 143 -114
361 -81 524 16 79 63 213 90 256 18 29 27 55 18 55 -4 0 -27 -19 -49 -42z"/>
<path d="M797 2323 c-111 -83 -149 -260 -98 -451 29 -111 60 -192 73 -192 11
0 11 2 -18 155 -10 50 -18 135 -18 190 -1 116 13 157 88 254 25 32 42 61 39
65 -12 12 -30 6 -66 -21z"/>
<path d="M863 2274 c-8 -13 -11 -59 -10 -126 l2 -105 51 -99 c28 -55 63 -136
78 -181 15 -45 34 -87 43 -95 15 -12 16 -8 11 35 -4 31 -32 101 -79 198 l-73
151 -5 121 c-5 102 -8 119 -18 101z"/>
<path d="M922 2222 c7 -70 44 -178 128 -367 85 -193 104 -273 97 -397 -6 -91
-5 -98 13 -98 30 0 43 59 37 159 -7 116 -25 174 -106 353 -84 186 -111 272
-111 349 l0 59 -31 0 -32 0 5 -58z"/>
<path d="M77 2233 c-10 -25 -18 -85 -22 -173 -6 -133 -25 -253 -46 -291 -5
-11 -9 -41 -7 -67 l3 -47 26 45 c49 83 71 173 76 315 3 76 10 145 19 167 10
27 11 45 4 63 -14 36 -34 31 -53 -12z"/>
<path d="M829 2240 c-9 -5 -26 -33 -39 -62 -28 -65 -24 -143 15 -263 14 -44
30 -123 37 -175 12 -98 30 -139 48 -110 5 8 10 26 10 40 0 31 -42 213 -69 300
-26 82 -26 155 -2 225 11 30 19 55 18 55 -1 0 -9 -5 -18 -10z"/>
<path d="M2950 2208 c-35 -37 -51 -123 -28 -146 33 -33 80 12 93 89 13 74 -21
104 -65 57z"/>
<path d="M5059 2095 c-161 -260 -192 -321 -295 -578 -42 -105 -84 -191 -124
-253 -103 -159 -169 -323 -170 -421 0 -45 17 -22 34 48 19 72 71 188 100 224
12 15 11 7 -5 -35 -58 -150 -69 -184 -102 -305 -20 -71 -38 -155 -42 -186 -6
-56 -6 -57 24 -72 l31 -15 0 43 c0 73 56 273 104 370 24 50 81 142 126 205 95
135 131 208 160 322 30 118 51 158 128 256 77 97 92 121 92 151 0 89 -185
-159 -245 -329 -8 -23 -20 -72 -25 -107 -6 -36 -22 -88 -37 -117 -21 -42 -128
-190 -166 -231 -17 -18 3 36 62 170 32 72 71 171 86 220 38 118 119 277 233
454 l93 143 -3 67 -3 66 -56 -90z"/>
<path d="M0 2108 l0 -53 20 30 c26 40 26 75 0 75 -17 0 -20 -7 -20 -52z"/>
<path d="M521 2123 c-7 -21 -15 -74 -18 -119 -8 -110 11 -168 93 -291 98 -145
121 -200 135 -318 27 -245 45 -292 175 -465 135 -180 211 -322 249 -466 16
-63 35 -350 27 -421 -4 -40 -3 -43 21 -43 l25 0 7 137 c16 299 -54 516 -261
807 -120 170 -138 211 -179 414 -37 183 -60 241 -137 355 -88 129 -126 256
-115 384 5 71 -4 82 -22 26z"/>
<path d="M135 2113 c42 -98 45 -159 14 -259 -27 -89 -57 -148 -109 -212 -36
-46 -41 -58 -38 -95 l3 -42 55 55 c80 79 161 239 168 331 5 76 -7 123 -50 192
-29 45 -58 66 -43 30z"/>
<path d="M4175 2047 c-8 -30 -1 -57 14 -57 19 0 25 51 8 67 -14 15 -16 14 -22
-10z"/>
<path d="M1871 1997 c-16 -16 -14 -95 5 -158 37 -123 147 -304 249 -405 98
-99 218 -148 358 -146 83 1 97 5 97 28 0 19 -41 34 -94 34 -60 0 -191 35 -241
64 -90 53 -225 227 -279 362 -13 32 -32 96 -42 141 -17 81 -31 102 -53 80z"/>
<path d="M327 1688 c-72 -123 -90 -160 -116 -241 -29 -86 -88 -174 -157 -233
-46 -39 -54 -52 -54 -80 0 -19 3 -34 8 -34 4 0 25 12 48 28 123 83 181 156
234 295 44 113 52 126 120 207 40 49 57 77 53 88 -14 39 -36 62 -59 62 -18 0
-33 -18 -77 -92z"/>
<path d="M4122 1743 c4 -43 23 -55 32 -19 8 31 -2 56 -21 56 -10 0 -13 -10
-11 -37z"/>
<path d="M243 1748 c-6 -7 -29 -46 -53 -87 -26 -46 -72 -103 -117 -147 -69
-66 -74 -74 -71 -108 l3 -37 67 51 c82 61 117 104 159 188 44 90 53 192 12
140z"/>
<path d="M4000 1623 c-34 -159 -32 -303 3 -460 26 -113 89 -266 120 -292 22
-17 21 -9 -2 37 -31 62 -58 161 -79 297 -33 205 -36 278 -18 383 32 184 13
211 -24 35z"/>
<path d="M3746 1655 c-55 -77 -113 -119 -329 -243 -165 -94 -353 -167 -413
-160 -26 3 -22 6 31 25 70 27 92 39 83 48 -4 4 -49 -7 -100 -23 -51 -17 -129
-41 -173 -53 -125 -34 -235 -97 -235 -136 0 -17 -2 -18 81 22 78 37 246 81
279 72 66 -17 277 62 499 186 180 101 264 168 312 251 55 97 31 104 -35 11z"/>
<path d="M5056 1644 c-73 -86 -94 -127 -76 -149 7 -8 16 -15 21 -15 4 0 33 34
64 76 50 67 56 80 53 116 l-3 41 -59 -69z"/>
<path d="M1226 1692 c-8 -14 14 -83 25 -77 14 9 11 61 -5 74 -8 7 -17 8 -20 3z"/>
<path d="M1333 1620 c3 -30 12 -86 21 -125 25 -110 21 -205 -10 -272 -25 -51
-26 -62 -21 -152 3 -53 12 -116 19 -141 l14 -45 14 25 c9 16 13 54 12 107 -2
66 4 99 25 165 34 102 35 195 5 283 -40 117 -70 196 -77 203 -4 4 -5 -18 -2
-48z"/>
<path d="M3310 1630 c-30 -17 -98 -67 -150 -111 -113 -97 -169 -124 -378 -186
-86 -25 -186 -55 -222 -65 -38 -12 -110 -22 -175 -25 -97 -4 -117 -2 -168 17
-31 12 -80 40 -108 62 -28 22 -53 37 -56 34 -10 -10 98 -113 148 -140 71 -39
176 -45 279 -17 41 12 162 44 269 71 246 63 299 87 404 187 45 43 115 102 155
132 64 47 86 72 65 71 -5 0 -33 -14 -63 -30z"/>
<path d="M4221 1596 c-6 -24 -13 -51 -17 -60 -4 -10 -1 -16 9 -16 17 0 37 49
37 91 0 43 -16 35 -29 -15z"/>
<path d="M817 1604 c-3 -4 6 -27 21 -53 26 -44 27 -52 25 -168 -1 -68 0 -123
3 -123 14 0 25 65 26 145 0 73 -4 99 -22 137 -23 49 -43 72 -53 62z"/>
<path d="M4627 1593 c-10 -10 -8 -43 2 -43 9 0 21 24 21 41 0 11 -14 12 -23 2z"/>
<path d="M1245 1495 c12 -79 29 -112 41 -82 7 19 -32 157 -45 157 -4 0 -3 -34
4 -75z"/>
<path d="M437 1520 c-71 -77 -107 -181 -107 -305 0 -138 36 -227 166 -410 136
-191 224 -325 256 -388 34 -68 37 -110 19 -239 -23 -170 -23 -180 -5 -176 13
2 22 23 34 78 10 41 25 104 35 139 20 74 15 132 -16 214 -19 51 -67 123 -260
399 -142 202 -175 287 -166 422 6 94 24 148 73 228 32 53 37 78 15 78 -5 0
-25 -18 -44 -40z"/>
<path d="M935 1317 c0 -127 4 -238 8 -245 22 -34 29 5 34 199 4 171 2 211 -11
242 -8 20 -19 37 -23 37 -4 0 -8 -105 -8 -233z"/>
<path d="M5078 1505 c-21 -27 -50 -75 -64 -105 -14 -30 -33 -70 -42 -89 -9
-19 -52 -81 -94 -138 -43 -57 -90 -125 -104 -151 -15 -26 -44 -69 -65 -97 -47
-64 -82 -150 -119 -295 -65 -260 -78 -451 -39 -568 18 -54 24 -62 46 -62 18 0
23 4 19 18 -25 87 -30 121 -30 217 1 139 32 272 103 438 28 65 58 147 66 183
23 99 97 232 237 424 127 175 129 179 126 228 l-3 47 -37 -50z"/>
<path d="M1091 1473 c5 -21 9 -55 9 -76 0 -48 16 -40 25 14 8 44 -9 99 -30 99
-10 0 -11 -9 -4 -37z"/>
<path d="M4595 1473 c-22 -55 -55 -159 -55 -175 0 -42 20 -12 54 83 20 55 36
102 36 105 0 12 -29 1 -35 -13z"/>
<path d="M3673 1463 c-14 -5 -18 -43 -5 -43 18 0 45 28 38 38 -8 13 -13 14
-33 5z"/>
<path d="M573 1393 c-3 -10 -12 -34 -20 -53 -24 -57 -28 -185 -8 -260 19 -75
92 -206 205 -370 161 -233 186 -304 176 -510 -4 -74 -9 -150 -12 -168 -6 -30
-5 -32 25 -32 l31 0 3 108 c7 314 -7 356 -196 622 -103 145 -155 240 -182 335
-15 50 -17 84 -12 203 6 135 4 163 -10 125z"/>
<path d="M1790 1401 c0 -19 117 -108 238 -180 67 -39 126 -71 131 -71 24 0 8
19 -56 66 -37 27 -95 73 -128 102 -33 30 -71 60 -85 67 -37 19 -100 30 -100
16z"/>
<path d="M4141 1386 c-7 -8 -15 -61 -18 -118 -4 -82 -1 -124 16 -206 29 -137
77 -259 96 -240 2 2 -12 51 -32 108 l-37 105 2 177 c1 97 -2 179 -7 182 -5 3
-14 -1 -20 -8z"/>
<path d="M48 1342 c-40 -30 -48 -42 -48 -69 0 -18 4 -33 9 -33 18 0 123 108
119 121 -8 24 -32 19 -80 -19z"/>
<path d="M5083 1346 c-47 -39 -85 -101 -81 -131 l3 -26 57 43 c55 42 57 45 58
91 0 26 -2 47 -4 47 -3 0 -18 -11 -33 -24z"/>
<path d="M1520 1342 c0 -13 24 -32 119 -96 46 -31 88 -55 94 -53 42 14 -20 79
-120 126 -64 31 -93 38 -93 23z"/>
<path d="M3570 1335 c-74 -18 -135 -45 -213 -95 -60 -37 -91 -70 -67 -70 6 0
61 27 123 59 61 33 139 67 172 76 74 21 81 25 64 36 -16 10 -10 11 -79 -6z"/>
<path d="M1252 1297 c-25 -29 -34 -109 -30 -264 l3 -160 38 -56 c20 -32 44
-57 52 -57 21 0 19 13 -10 69 -44 89 -61 306 -30 407 8 27 15 55 15 62 0 16
-25 16 -38 -1z"/>
<path d="M1134 1265 c-25 -61 -37 -130 -30 -178 7 -43 29 -77 39 -60 9 14 21
273 13 273 -4 0 -14 -16 -22 -35z"/>
<path d="M1030 1255 c-21 -25 -19 -181 3 -237 21 -55 42 -65 31 -16 -3 18 -7
83 -8 145 -1 61 -4 114 -7 118 -4 3 -12 -1 -19 -10z"/>
<path d="M3732 1248 c-18 -18 -14 -114 8 -197 22 -80 158 -352 180 -359 25 -9
3 61 -58 188 -69 144 -88 202 -98 300 -7 74 -13 87 -32 68z"/>
<path d="M3203 1210 c-100 -48 -172 -67 -283 -75 -141 -11 -260 -41 -260 -67
0 -11 98 -10 120 2 10 5 69 17 132 25 174 24 289 63 377 129 52 39 13 32 -86
-14z"/>
<path d="M3620 1233 c-57 -18 -150 -68 -150 -81 0 -8 6 -12 13 -9 6 3 44 17
82 32 39 16 74 32 80 36 12 12 -6 28 -25 22z"/>
<path d="M1487 1206 c-14 -14 -15 -31 -10 -111 5 -83 3 -102 -17 -157 -12 -35
-33 -81 -45 -103 -13 -22 -28 -60 -35 -85 -22 -90 -63 -220 -69 -220 -4 0 -15
30 -25 67 -30 114 -145 323 -177 323 -30 0 -23 -33 23 -107 54 -89 81 -149
138 -313 26 -74 52 -136 58 -138 12 -4 26 43 72 243 23 98 47 172 83 249 40
87 51 123 55 176 5 79 -3 150 -22 175 -11 16 -14 16 -29 1z"/>
<path d="M5048 1153 c-32 -25 -58 -52 -58 -59 0 -27 24 -26 76 2 50 27 54 31
54 67 0 20 -3 37 -7 37 -5 0 -34 -21 -65 -47z"/>
<path d="M1586 1181 c-7 -11 7 -23 60 -49 42 -21 69 -19 36 3 -57 38 -91 55
-96 46z"/>
<path d="M3302 1156 c-19 -6 -38 -19 -43 -29 -6 -9 -33 -23 -62 -31 -54 -15
-273 -61 -339 -71 -21 -3 -38 -11 -38 -17 0 -17 156 -2 282 27 115 26 298 101
298 122 0 16 -52 16 -98 -1z"/>
<path d="M2485 1143 c-124 -23 -155 -36 -155 -64 0 -22 153 5 188 33 25 21 6
38 -33 31z"/>
<path d="M1842 1108 c-42 -21 -22 -39 48 -43 36 -2 99 -15 140 -29 41 -15 152
-49 245 -75 136 -39 191 -50 275 -55 139 -8 240 -35 385 -102 171 -80 196 -87
290 -80 80 5 238 47 251 67 14 23 -10 21 -103 -7 -130 -39 -228 -40 -299 -2
-172 90 -217 110 -289 129 -52 13 -131 23 -225 28 -105 5 -156 12 -185 25 -22
10 -112 47 -200 83 -138 57 -170 66 -235 69 -45 2 -84 -1 -98 -8z"/>
<path d="M3447 1086 c-141 -58 -316 -186 -254 -186 7 0 49 23 92 51 44 28 119
70 168 95 120 61 116 90 -6 40z"/>
<path d="M2165 1091 c7 -13 116 -53 123 -46 7 7 5 8 -55 33 -56 24 -78 28 -68
13z"/>
<path d="M1580 1014 c0 -85 13 -90 29 -13 8 35 8 56 1 70 -20 37 -30 19 -30
-57z"/>
<path d="M4400 1055 c-13 -16 -10 -61 5 -58 12 2 25 62 15 68 -4 3 -13 -2 -20
-10z"/>
<path d="M4877 1018 c-43 -58 -58 -98 -38 -98 10 0 81 108 81 122 0 18 -20 6
-43 -24z"/>
<path d="M1725 1001 c-67 -38 -146 -124 -184 -199 -38 -76 -103 -295 -125
-422 -21 -122 -30 -284 -19 -335 6 -29 14 -41 29 -43 20 -3 21 3 27 145 8 219
57 435 56 247 -1 -50 5 -159 12 -243 12 -148 13 -151 36 -151 21 0 23 4 23 55
0 30 -7 105 -16 167 -23 160 -15 419 15 502 32 90 67 143 143 217 92 90 93
112 3 60z"/>
<path d="M2443 1024 c-17 -8 -16 -19 3 -38 11 -12 35 -16 84 -16 95 0 201 -16
371 -56 147 -34 199 -41 199 -26 0 5 -17 17 -37 28 l-38 19 63 3 c34 2 62 7
62 13 0 5 -46 8 -112 7 -96 -3 -136 2 -263 29 -144 31 -306 49 -332 37z"/>
<path d="M5049 1002 c-24 -16 -78 -65 -119 -109 -207 -221 -321 -576 -269
-836 11 -54 13 -57 41 -57 16 0 27 4 24 8 -2 4 -10 47 -16 95 -26 192 36 425
164 622 58 90 189 228 225 240 15 4 21 15 21 36 0 37 -14 37 -71 1z"/>
<path d="M0 997 c0 -20 9 -26 58 -41 178 -56 328 -197 421 -396 87 -187 94
-327 26 -537 -7 -21 -4 -23 28 -23 l35 0 23 82 c33 116 33 272 0 378 -81 262
-264 460 -498 541 -75 26 -93 25 -93 -4z"/>
<path d="M1932 963 c-54 -19 -138 -96 -180 -165 -44 -74 -104 -223 -141 -353
-17 -59 -31 -114 -31 -121 0 -7 11 -26 25 -41 20 -23 26 -25 34 -13 5 8 28 89
50 180 84 346 213 508 389 487 26 -3 101 -22 167 -42 66 -20 172 -45 237 -56
64 -11 146 -28 180 -39 77 -24 235 -120 429 -262 37 -26 72 -48 78 -48 38 0
-32 73 -109 114 -79 42 -212 128 -206 133 2 2 21 -6 43 -20 147 -91 183 -105
344 -131 177 -29 302 -57 380 -85 90 -32 106 -34 129 -11 22 22 27 65 8 76 -6
4 -22 -6 -37 -25 -30 -36 -43 -38 -102 -12 -62 27 -254 76 -379 96 -187 30
-196 33 -96 34 50 1 141 -4 203 -10 131 -14 173 -6 228 42 37 33 60 87 50 119
-10 32 -25 23 -25 -14 0 -41 -28 -78 -76 -101 -32 -15 -53 -16 -173 -9 -75 4
-152 7 -172 5 -68 -5 -161 20 -258 69 -137 68 -258 106 -396 125 -66 9 -190
34 -275 56 -168 42 -245 48 -318 22z"/>
<path d="M3425 935 c-93 -52 -251 -106 -312 -107 -45 -1 -55 -11 -25 -27 47
-25 303 62 400 135 30 23 42 44 25 44 -5 0 -44 -21 -88 -45z"/>
<path d="M0 890 c0 -43 6 -56 55 -122 58 -76 125 -197 151 -270 39 -112 37
-309 -7 -435 -23 -68 -23 -63 -1 -63 31 0 71 87 83 181 6 46 12 85 14 88 3 2
12 -13 21 -35 19 -45 14 -140 -10 -198 -14 -34 -14 -36 3 -36 34 0 46 54 46
200 -1 125 -3 142 -32 223 -38 109 -100 212 -204 342 -44 55 -76 101 -71 103
8 2 57 -13 105 -33 12 -5 17 -3 17 8 0 26 -61 63 -142 87 -28 9 -28 8 -28 -40z"/>
<path d="M1716 860 c-63 -61 -94 -115 -82 -145 8 -23 31 -8 56 38 13 23 42 68
64 99 22 32 37 61 33 64 -3 4 -35 -22 -71 -56z"/>
<path d="M5042 847 c-114 -138 -200 -303 -243 -470 -23 -87 -31 -267 -16 -339
7 -34 11 -38 39 -38 28 0 30 2 24 28 -15 67 -18 203 -6 268 20 114 69 295 96
353 16 35 52 81 104 133 63 63 80 87 80 109 0 16 -4 29 -9 29 -4 0 -35 -33
-69 -73z"/>
<path d="M3635 891 c-3 -6 7 -30 23 -53 54 -80 115 -201 163 -322 32 -84 55
-127 73 -140 14 -11 28 -17 32 -14 3 4 -29 77 -72 165 -43 87 -99 205 -124
263 -35 80 -52 106 -67 108 -12 2 -24 -2 -28 -7z"/>
<path d="M4370 875 c0 -31 42 -165 51 -165 14 0 10 32 -12 101 -23 69 -39 95
-39 64z"/>
<path d="M1330 838 c0 -12 4 -30 10 -38 8 -12 10 -12 15 2 9 23 3 50 -12 56
-8 2 -13 -5 -13 -20z"/>
<path d="M2009 851 c-66 -21 -121 -64 -182 -143 -57 -73 -76 -116 -56 -129 10
-7 20 -2 34 18 62 83 127 152 170 178 44 27 56 30 131 29 69 -1 93 -6 140 -29
51 -25 65 -27 158 -26 153 3 236 -29 524 -202 169 -100 223 -123 348 -142 219
-35 292 -57 418 -126 74 -40 179 -139 231 -218 33 -49 45 -60 68 -61 15 0 27
3 27 6 0 3 -20 31 -44 62 -59 76 -159 172 -226 214 -121 78 -304 141 -485 168
-107 16 -141 29 -270 101 -61 34 -136 75 -167 90 -58 29 -76 46 -38 36 31 -8
33 10 3 31 -70 49 -189 78 -378 92 -74 5 -156 18 -190 28 -71 23 -179 34 -216
23z"/>
<path d="M3990 780 c0 -11 30 -80 67 -153 l67 -132 9 37 c8 33 5 44 -31 105
-21 37 -51 89 -66 116 -28 50 -46 60 -46 27z"/>
<path d="M5063 743 c-86 -49 -116 -127 -144 -373 -19 -164 -20 -253 -3 -338 6
-27 11 -32 37 -32 29 0 29 1 23 38 -16 89 -17 196 -3 333 19 174 42 244 103
310 24 25 44 56 44 68 0 26 -4 25 -57 -6z"/>
<path d="M200 729 c0 -6 22 -36 50 -66 94 -102 170 -302 170 -442 0 -62 -18
-164 -35 -203 -6 -15 -2 -18 23 -18 30 0 31 1 51 89 26 110 26 177 1 275 -31
123 -125 283 -209 353 -28 25 -51 30 -51 12z"/>
<path d="M2055 716 c-115 -53 -259 -205 -325 -341 -47 -98 -68 -174 -76 -288
-7 -84 -6 -87 14 -87 18 0 21 8 27 57 11 106 43 223 81 290 44 79 164 208 252
271 35 24 95 57 135 72 94 37 97 50 10 50 -50 0 -81 -6 -118 -24z"/>
<path d="M3810 729 c0 -28 199 -396 268 -496 152 -220 162 -233 183 -233 19 0
19 1 -2 42 -37 73 -83 140 -153 221 -48 57 -84 115 -129 205 -96 198 -167 308
-167 261z"/>
<path d="M4205 615 c10 -198 27 -276 90 -419 31 -69 59 -141 62 -161 5 -31 9
-35 36 -35 29 0 29 1 23 39 -5 36 -39 138 -115 351 -16 47 -39 139 -50 204
-13 76 -26 125 -37 135 -15 15 -16 6 -9 -114z"/>
<path d="M0 697 c0 -8 11 -24 25 -37 81 -76 112 -406 60 -637 -4 -19 -1 -23
18 -23 36 0 59 91 65 257 5 148 -10 237 -54 333 -37 81 -114 153 -114 107z"/>
<path d="M2379 680 c-55 -9 -242 -103 -345 -172 -159 -106 -263 -268 -292
-453 l-9 -55 39 0 c33 0 38 3 38 23 1 53 33 168 66 236 51 102 138 188 279
270 157 93 218 114 335 113 157 0 254 -41 374 -156 53 -49 64 -56 90 -51 35 7
79 -6 221 -65 55 -23 147 -55 205 -72 187 -54 302 -130 359 -238 23 -43 38
-60 52 -60 26 0 19 25 -29 100 l-34 55 31 -29 c17 -17 41 -51 53 -78 14 -32
28 -48 40 -48 23 0 23 5 -3 47 -32 52 -16 51 22 -1 29 -41 59 -60 59 -37 0 27
-118 151 -193 203 -107 73 -198 106 -467 168 -138 32 -254 82 -381 163 -83 53
-193 106 -253 121 -71 19 -199 27 -257 16z"/>
<path d="M3664 635 c-7 -18 12 -45 32 -45 17 0 18 32 2 48 -16 16 -27 15 -34
-3z"/>
<path d="M3558 613 c-21 -2 -38 -8 -38 -13 0 -15 66 -23 89 -11 25 14 28 32 4
29 -10 -1 -35 -3 -55 -5z"/>
<path d="M3987 614 c-16 -16 105 -269 194 -404 32 -50 73 -117 89 -150 17 -33
35 -60 40 -60 6 0 10 2 10 4 0 19 -81 189 -138 288 -38 68 -93 169 -122 226
-49 97 -59 110 -73 96z"/>
<path d="M5086 565 c-46 -70 -67 -274 -46 -454 12 -108 13 -111 38 -111 23 0
24 2 19 42 -18 132 -19 275 -2 368 25 140 29 180 17 180 -5 0 -17 -11 -26 -25z"/>
<path d="M2459 560 c-111 -16 -277 -84 -406 -166 -48 -31 -70 -64 -42 -64 6 0
54 25 107 55 191 109 345 151 525 142 59 -2 107 -1 107 4 0 31 -161 46 -291
29z"/>
<path d="M1 278 c-1 -164 3 -278 8 -278 28 0 35 429 8 510 -14 42 -15 28 -16
-232z"/>
<path d="M3232 520 c20 -11 101 -38 180 -61 287 -81 416 -166 596 -393 44 -56
57 -66 83 -66 38 0 43 -7 -100 148 -124 134 -194 184 -410 288 -139 68 -165
77 -236 85 -44 4 -96 10 -115 14 l-35 6 37 -21z"/>
<path d="M2501 484 c-70 -19 -239 -103 -316 -158 -100 -72 -168 -156 -125
-156 5 0 46 32 92 70 96 81 197 135 283 151 38 7 116 9 213 5 120 -4 153 -3
150 7 -6 17 -88 36 -193 44 l-90 7 44 13 c103 30 49 46 -58 17z"/>
<path d="M4151 470 c0 -14 4 -32 9 -40 8 -12 10 -12 9 5 0 11 -4 29 -9 40 -8
18 -9 18 -9 -5z"/>
<path d="M3600 465 c0 -2 37 -22 83 -43 45 -21 120 -64 166 -96 61 -40 88 -53
95 -45 14 14 -18 39 -130 103 -94 54 -214 100 -214 81z"/>
<path d="M4458 393 c-13 -32 -13 -297 0 -353 7 -32 11 -35 46 -38 33 -3 37 -1
32 15 -25 82 -36 163 -36 276 0 107 -2 127 -15 127 -9 0 -21 -12 -27 -27z"/>
<path d="M2488 334 c-104 -19 -247 -77 -316 -130 -97 -74 -194 -158 -210 -182
-14 -22 -14 -22 36 -22 50 0 52 1 129 78 89 89 191 145 328 182 163 43 437 35
575 -17 71 -26 246 -117 373 -194 76 -46 132 -61 151 -42 3 4 -8 23 -26 42
l-33 35 35 -25 c58 -42 59 -42 51 -12 -7 27 -31 47 -155 129 -82 55 -306 138
-431 160 -103 18 -403 17 -507 -2z m918 -209 c45 -26 74 -55 55 -55 -9 0 -132
79 -151 97 -11 10 58 -20 96 -42z"/>
<path d="M700 248 c-26 -55 -44 -110 -53 -163 l-13 -80 34 -3 c44 -4 52 8 52
83 0 33 9 100 20 149 23 105 22 96 10 96 -5 0 -27 -37 -50 -82z"/>
<path d="M1320 293 c0 -4 -5 -48 -11 -97 -6 -49 -8 -113 -4 -143 6 -47 9 -53
29 -53 l23 0 -1 147 c-1 132 -3 148 -18 151 -10 2 -18 0 -18 -5z"/>
<path d="M1986 247 c-45 -55 -96 -163 -96 -204 0 -47 13 -41 45 20 15 28 47
84 71 123 24 39 44 78 44 87 0 30 -28 18 -64 -26z"/>
<path d="M3980 228 c0 -7 34 -51 76 -98 42 -47 83 -95 91 -107 23 -35 38 -27
15 8 -27 44 -165 209 -174 209 -5 0 -8 -6 -8 -12z"/>
<path d="M2605 194 c-11 -3 -60 -18 -110 -34 -49 -16 -115 -34 -145 -41 -30
-6 -73 -21 -95 -31 -41 -21 -95 -66 -95 -80 0 -12 88 -10 95 2 11 18 116 66
230 106 100 35 119 38 215 39 70 0 127 -6 170 -18 76 -21 201 -78 247 -113 29
-22 41 -25 105 -22 l73 3 -65 49 c-75 56 -159 98 -245 122 -59 16 -335 29
-380 18z"/>
<path d="M3535 127 c17 -12 53 -45 82 -74 40 -41 58 -53 82 -53 17 0 31 2 31
5 0 9 -52 88 -74 113 -23 27 -40 29 -34 4 5 -16 1 -15 -40 5 -59 30 -88 30
-47 0z"/>
<path d="M835 108 c-25 -110 -25 -108 1 -108 23 0 24 3 24 59 0 61 -15 91 -25
49z"/>
<path d="M2535 81 c-33 -10 -87 -32 -120 -49 l-60 -31 46 -1 c31 0 67 9 105
27 54 25 69 28 174 28 103 -1 122 -4 182 -28 44 -18 81 -27 105 -25 l38 3 -62
33 c-119 62 -284 79 -408 43z"/>
<path d="M2580 10 c-15 -5 21 -8 95 -8 74 0 110 3 95 8 -32 10 -158 10 -190 0z"/>
</g>
</svg>